0.0004051864
0.0004051864
0.0004051864
0.0004051864
0.0008103728
0.0004051864
0.0016207455
0.0004051864
0.0008103728
0.0004051864
0.0004051864
0.0004051864
0.0008103728
0.0004051864
0.0008103728
0.0008103728
0.0004051864
0.0004051864
0.0222852512
0.0008103728
0.0004051864
0.0008103728
0.0012155592
0.0004051864
0.0012155592
0.0008103728
0.0004051864
0.0016207455
0.0004051864
0.0004051864
0.0008103728
0.0004051864
0.0016207455
0.0004051864
0.0012155592
0.0008103728
0.0008103728
0.0008103728
0.0004051864
0.0004051864
0.0020259319
0.0004051864
0.0008103728
0.0008103728
0.0020259319
0.0004051864
0.0004051864
0.0004051864
0.0016207455
0.0028363047
0.0004051864
0.0008103728
0.0004051864
0.0008103728
0.0004051864
0.0004051864
0.0004051864
0.0004051864
0.0004051864
0.0004051864
0.0004051864
0.0008103728
0.0004051864
0.0004051864
0.0004051864
0.0004051864
0.0004051864
0.0004051864
0.0004051864
0.0004051864
0.0004051864
0.0004051864
0.0024311183
0.0004051864
0.0004051864
0.0008103728
0.0008103728
0.0004051864
0.0004051864
0.0020259319
0.0072933549
0.0004051864
0.0004051864
0.0008103728
0.0004051864
0.0004051864
0.0004051864
0.0004051864
0.0008103728
0.0004051864
0.0004051864
0.0004051864
0.0004051864
0.0004051864
0.0004051864
0.0004051864
0.0004051864
0.0008103728
0.0008103728
0.0008103728
0.0008103728
0.0004051864
0.0008103728
0.0008103728
0.0012155592
0.0004051864
0.0004051864
0.0020259319
0.0004051864
0.0004051864
0.0004051864
0.0004051864
0.0060777958
0.0004051864
0.0004051864
0.0004051864
0.0004051864
0.0004051864
0.0004051864
0.0016207455
0.0004051864
0.0036466775
0.0405186386
0.0004051864
0.0004051864
0.0004051864
0.0012155592
0.0004051864
0.0004051864
0.0004051864
0.0004051864
0.0004051864
0.0012155592
0.0141815235
0.0004051864
0.0004051864
0.0012155592
0.0004051864
0.0004051864
0.0004051864
0.0004051864
0.0008103728
0.0004051864
0.0004051864
0.0012155592
0.0004051864
0.0004051864
0.0036466775
0.0020259319
0.0004051864
0.0004051864
0.0004051864
0.0004051864
0.0004051864
0.0056726094
0.0004051864
0.0004051864
0.0004051864
0.0004051864
0.0008103728
0.0004051864
0.0048622366
0.0004051864
0.0004051864
0.0004051864
0.0004051864
0.0004051864
0.0004051864
0.0004051864
0.0008103728
0.0004051864
0.0016207455
0.0008103728
0.0004051864
0.0004051864
0.0004051864
0.0004051864
0.0004051864
0.0004051864
0.0016207455
0.0004051864
0.0004051864
0.0004051864
0.0004051864
0.0016207455
0.0012155592
0.0004051864
0.0218800648
0.0004051864
0.0004051864
0.0012155592
0.0004051864
0.0008103728
0.0004051864
0.0012155592
0.0004051864
0.0012155592
0.0008103728
0.0004051864
0.0004051864
0.0004051864
0.0004051864
0.0004051864
0.0008103728
0.0008103728
0.0016207455
0.0004051864
0.0004051864
0.0016207455
0.0004051864
0.0008103728
0.0004051864
0.0004051864
0.0356564019
0.0004051864
0.0004051864
0.0004051864
0.0004051864
0.0004051864
0.0016207455
0.0008103728
0.0008103728
0.0004051864
0.0004051864
0.0004051864
0.0004051864
0.0016207455
0.0004051864
0.0012155592
0.0024311183
0.0004051864
0.0004051864
0.0004051864
0.0004051864
0.0012155592
0.0004051864
0.0004051864
0.0004051864
0.0004051864
0.0008103728
0.0004051864
0.0020259319
0.0004051864
0.0004051864
0.0004051864
0.0004051864
0.0004051864
0.0004051864
0.0012155592
0.0004051864
0.0004051864
0.0020259319
0.0004051864
0.0004051864
0.0004051864
0.0004051864
0.0004051864
0.0004051864
0.0008103728
0.0008103728
0.0004051864
0.0004051864
0.0004051864
0.0008103728
0.0012155592
0.0004051864
0.0004051864
0.0004051864
0.0004051864
0.0004051864
0.0004051864
0.0012155592
0.0004051864
0.0004051864
0.0008103728
0.0004051864
0.0004051864
0.0004051864
0.0004051864
0.0004051864
0.0004051864
0.0016207455
0.0004051864
0.0008103728
0.0004051864
0.0004051864
0.0004051864
0.0008103728
0.0004051864
0.0004051864
0.0004051864
0.0016207455
0.0004051864
0.0004051864
0.0012155592
0.0004051864
0.0004051864
0.0004051864
0.0016207455
0.0004051864
0.0004051864
0.0012155592
0.0004051864
0.0016207455
0.0004051864
0.0004051864
0.0004051864
0.0004051864
0.0004051864
0.0016207455
0.0008103728
0.0004051864
0.0004051864
0.0004051864
0.0036466775
0.0004051864
0.0004051864
0.0004051864
0.0004051864
0.0004051864
0.0004051864
0.0008103728
0.0004051864
0.0004051864
0.0008103728
0.0012155592
0.0012155592
0.0004051864
0.0004051864
0.0004051864
0.0020259319
0.0004051864
0.0004051864
0.0008103728
0.0113452188
0.0004051864
0.0008103728
0.0004051864
0.0004051864
0.0004051864
0.0008103728
0.0004051864
0.0004051864
0.0008103728
0.0004051864
0.0004051864
0.0012155592
0.0004051864
0.0004051864
0.0004051864
0.0008103728
0.0004051864
0.0004051864
0.0162074554
0.0004051864
0.0004051864
0.0004051864
0.0004051864
0.0004051864
0.0008103728
0.0020259319
0.0004051864
0.0016207455
0.0008103728
0.0004051864
0.0008103728
0.0004051864
0.0004051864
0.0008103728
0.0012155592
0.0016207455
0.0012155592
0.0008103728
0.0052674230
0.0004051864
0.0004051864
0.0008103728
0.0004051864
0.0004051864
0.0004051864
0.0004051864
0.0004051864
0.0004051864
0.0008103728
0.0004051864
0.0004051864
0.0004051864
0.0008103728
0.0004051864
0.0004051864
0.0004051864
0.0004051864
0.0004051864
0.0004051864
0.0008103728
0.0008103728
0.0008103728
0.0004051864
0.0008103728
0.0004051864
0.0004051864
0.0004051864
0.0004051864
0.0004051864
0.0004051864
0.0004051864
0.0008103728
0.0004051864
0.0008103728
0.0004051864
0.0004051864
0.0004051864
0.0008103728
0.0004051864
0.0004051864
0.0012155592
0.0004051864
0.0004051864
0.0004051864
0.0024311183
0.0020259319
0.0004051864
0.0008103728
0.0004051864
0.0004051864
0.0004051864
0.0004051864
0.0004051864
0.0004051864
0.0004051864
0.0024311183
0.0004051864
0.0004051864
0.0008103728
0.0004051864
0.0004051864
0.0004051864
0.0008103728
0.0004051864
0.0004051864
0.0004051864
0.0004051864
0.0004051864
0.0004051864
0.0004051864
0.0004051864
0.0004051864
0.0012155592
0.0004051864
0.0004051864
0.0004051864
0.0004051864
0.0004051864
0.0004051864
0.0004051864
0.0004051864
0.0004051864
0.0004051864
0.0004051864
0.0004051864
0.0004051864
0.0012155592
0.0004051864
0.0004051864
0.0020259319
0.0008103728
0.0004051864
0.0008103728
0.0004051864
0.0004051864
0.0004051864
0.0097244733
0.0004051864
0.0004051864
0.0016207455
0.0020259319
0.0048622366
0.0004051864
0.0008103728
0.0004051864
0.0008103728
0.0008103728
0.0008103728
0.0004051864
0.0008103728
0.0004051864
0.0004051864
0.0004051864
0.0012155592
0.0004051864
0.0004051864
0.0004051864
0.0004051864
0.0004051864
0.0016207455
0.0012155592
0.0004051864
0.0004051864
0.0004051864
0.0008103728
0.0004051864
0.0004051864
0.0004051864
0.0008103728
0.0004051864
0.0004051864
0.0004051864
0.0004051864
0.0004051864
0.0004051864
0.0004051864
0.0008103728
0.0004051864
0.0004051864
0.0008103728
0.0004051864
0.0004051864
0.0004051864
0.0004051864
0.0004051864
0.0008103728
0.0004051864
0.0028363047
0.0360615883
0.0004051864
0.0008103728
0.0004051864
0.0016207455
0.0008103728
0.0004051864
0.0016207455
0.0004051864
0.0004051864
0.0020259319
0.0004051864
0.0004051864
0.0008103728
0.0004051864
0.0004051864
0.0020259319
0.0004051864
0.0004051864
0.0004051864
0.0004051864
0.0008103728
0.0004051864
0.0004051864
0.0024311183
0.0012155592
0.0004051864
0.0008103728
0.0056726094
0.0004051864
0.0004051864
0.0012155592
0.0004051864
0.0004051864
0.0008103728
0.0004051864
0.0004051864
0.0004051864
0.0004051864
0.0008103728
0.0004051864
0.0016207455
0.0004051864
0.0048622366
0.0076985413
0.0004051864
0.0004051864
0.0004051864
0.0162074554
0.0004051864
0.0004051864
0.0004051864
0.0004051864
0.0012155592
0.0004051864
0.0004051864
0.0008103728
0.0004051864
0.0004051864
0.0016207455
0.0004051864
0.0008103728
0.0004051864
0.0004051864
0.0004051864
0.0004051864
0.0004051864
0.0004051864
0.0012155592
0.0004051864
0.0004051864
0.0004051864
0.0004051864
0.0004051864
0.0004051864
0.0004051864
0.0020259319
0.0004051864
0.0004051864
0.0004051864
0.0008103728
0.0632090762
0.0008103728
0.0016207455
0.0004051864
0.0008103728
0.0004051864
0.0004051864
0.0008103728
0.0008103728
0.0004051864
0.0004051864
0.0004051864
0.0004051864
0.0004051864
0.0008103728
0.0004051864
0.0405186386
0.0004051864
0.0004051864
0.0004051864
0.0004051864
0.0016207455
0.0012155592
0.0004051864
0.0004051864
0.0008103728
0.0008103728
0.0004051864
0.0040518639
0.0004051864
0.0012155592
0.0004051864
0.0004051864
0.0004051864
0.0004051864
0.0004051864
0.0008103728
0.0004051864
0.0004051864
0.0004051864
0.0004051864
0.0004051864
0.0008103728
0.0004051864
0.0008103728
0.0004051864
0.0004051864
0.0004051864
0.0008103728
0.0004051864
0.0008103728
0.0004051864
0.0004051864
0.0016207455
0.0004051864
0.0004051864
0.0004051864
0.0004051864
0.0004051864
0.0004051864
0.0008103728
0.0004051864
0.0004051864
0.0004051864
0.0008103728
0.0008103728
0.0024311183
0.0008103728
0.0008103728
0.0004051864
0.0004051864
0.0012155592
0.0004051864
0.0008103728
0.0004051864
0.0004051864
0.0004051864
0.0020259319
0.0089141005
0.0004051864
0.0008103728
0.0004051864
0.0004051864
0.0004051864
0.0004051864
0.0085089141
0.0024311183
0.0004051864
0.0008103728
0.0004051864
0.0004051864
0.0040518639
0.0008103728
0.0008103728
0.0040518639
0.0004051864
0.0004051864
0.0271474878
0.0004051864
0.0008103728
0.0008103728
0.0004051864
0.0004051864
0.0004051864
0.0004051864
0.0012155592
0.0004051864
0.0004051864
0.0016207455
0.0004051864
0.0004051864
0.0004051864
0.0012155592
0.0004051864
0.0012155592
0.0004051864
0.0004051864
0.0004051864
0.0004051864
0.0004051864
0.0004051864
0.0016207455
0.0012155592
0.0004051864
0.0008103728
0.0008103728
0.0004051864
0.0004051864
0.0004051864
0.0044570502
0.0004051864
0.0004051864
0.0008103728
0.0004051864
0.0008103728
0.0008103728
0.0072933549
0.0004051864
0.0008103728
0.0024311183
0.0008103728
0.0032414911
0.0004051864
0.0012155592
0.0004051864
0.0004051864
0.0008103728
0.0004051864
0.0004051864
0.0004051864
0.0024311183
0.0028363047
0.0004051864
0.0008103728
0.0004051864
0.0004051864
0.0012155592
0.0004051864
0.0004051864
0.0004051864
0.0008103728
0.0008103728
0.0004051864
0.0012155592
0.0004051864
0.0004051864
0.0020259319
0.0056726094
0.0004051864
0.0016207455
0.0004051864
0.0004051864
0.0004051864
0.0008103728
0.0137763371
0.0004051864
0.0052674230
0.0004051864
0.0036466775
0.0004051864
0.0012155592
0.0004051864
0.0016207455
0.0008103728
0.0004051864
0.0012155592
0.0008103728
0.0008103728
0.0004051864
0.0036466775
0.0008103728
0.0004051864
0.0004051864
0.0004051864
0.0008103728
0.0004051864
0.0004051864
0.0004051864
0.0012155592
0.0008103728
0.0008103728
0.0008103728
0.0004051864
0.0008103728
0.0008103728
0.0004051864
0.0008103728
0.0024311183
0.0036466775
